

2
4
5
5
5
5
6
7
7
7
7
8
23
23
24
24
27
34
34
35
35
35
35
35
35
35
35
36
36
36
36
37
42
42
42
45
45
45
45
46
46
47
52
52
53
53
56
56
57
57
57
62
62
63
63
63
63
65
65
73
73
73
73
73
73
75
83
86
97
134
235
242
245
246
246
246
246
257
257
324
341
345
346
356
356
356
357
357
357
357
357
357
357
357
365
373
423
423
423
423
423
423
425
436
452
453
456
457
462
462
462
463
465
467
468
484
523
523
523
523
524
524
524
524
524
524
524
532
534
534
536
537
542
543
568
573
573
573
575
575
624
624
624
625
635
635
635
635
635
646
648
653
653
654
672
734
735
735
735
735
735
746
746
746
753
753
753
759
764
835
846
846
846
846
846
856
856
856
857
975
2342
2452
2456
2467
3423
3423
3546
3562
3565
3567
3573
3746
4562
4568
4642
4685
5234
5324
5346
5412
5426
5653
5795
5796
5846
6262
6356
6432
6467
6532
6542
7235
7257
7468
7536
7635
7857
7875
8456
8463
8579
8968
24524
35746
37835
45234
45324
46346
46857
56245
56735
345673
565245
735624
5373578
573567835